      0/49     1.08G    0.0312  0.004798  0.003943   0.03994         1       640    0.9587    0.9608    0.9841    0.7306   0.01959  0.006172  0.002155
      1/49       14G   0.03005   0.00483  0.003969   0.03885         4       640    0.9583    0.9679    0.9856    0.7322   0.01877  0.006179  0.002019
      2/49     11.3G   0.02971  0.004734  0.004172   0.03861         2       640    0.9866    0.9448    0.9856    0.7287   0.01773  0.006196  0.001988
      3/49     12.5G   0.02582  0.004655  0.003704   0.03418         4       640    0.9751    0.9591    0.9855    0.7315   0.01808  0.006208  0.001921
      4/49     12.5G   0.02725  0.004655  0.003411   0.03532         4       640    0.9595    0.9678    0.9845    0.7281   0.01709  0.006238  0.002047
      5/49     12.5G   0.02791  0.004628  0.004306   0.03685         0       640    0.9641    0.9591    0.9837    0.7278    0.0175    0.0062  0.002092
      6/49     12.5G   0.02766  0.004771  0.003962   0.03639         4       640    0.9786    0.9535    0.9868    0.7202    0.0181  0.006361  0.001986
      7/49     12.5G   0.03041  0.004585  0.003849   0.03885         4       640    0.9612    0.9566    0.9773    0.6945   0.02018  0.006159  0.001934
      8/49     12.5G   0.02864  0.004531  0.004036   0.03721         0       640    0.9441    0.9321    0.9807    0.7106   0.01906  0.006269  0.002608
      9/49     12.5G   0.02809   0.00478  0.004163   0.03704         2       640    0.9608    0.9573    0.9841    0.6919   0.01989  0.006284  0.001922
     10/49     12.5G   0.03022  0.004948  0.005245   0.04041         4       640    0.9654    0.9394     0.983    0.6917   0.01897  0.006285  0.002534
     11/49     12.5G   0.03067  0.004574  0.004656    0.0399         4       640    0.9271    0.9387    0.9773    0.6958    0.0196  0.006287  0.002713
     12/49     12.6G    0.0256  0.004536   0.00432   0.03446         1       640    0.9492    0.9182    0.9826    0.7101   0.01953  0.006328  0.002482
     13/49     12.6G   0.02876  0.004461   0.00417   0.03739         1       640     0.952    0.9778    0.9868    0.7134   0.01916  0.006536  0.001819
     14/49     12.6G   0.03094   0.00474  0.004413   0.04009         0       640    0.9523    0.9354    0.9821    0.6981   0.01869  0.006483  0.002363
     15/49     12.6G   0.03007  0.004626  0.003862   0.03856         0       640    0.9493     0.962    0.9804    0.6971   0.02084  0.006385  0.002508
     16/49     12.6G   0.03056  0.004691  0.003627   0.03888         4       640    0.9549    0.9591    0.9815    0.6811   0.02052  0.006438  0.002171
     17/49     12.6G   0.03065  0.004511  0.004042   0.03921         1       640     0.983    0.9032    0.9693    0.6974   0.01945  0.006599  0.002646
     18/49     12.6G   0.03116  0.004617  0.005164   0.04094         2       640    0.9534    0.9152     0.978    0.6839   0.02191  0.006177  0.002441
     19/49     12.6G   0.02981  0.004368  0.003996   0.03818         1       640    0.9731    0.9376      0.98     0.693   0.02057  0.006273  0.002197
     20/49     12.6G   0.02929  0.004748  0.004566   0.03861         4       640    0.8392     0.871    0.9467    0.6259   0.02394  0.006842  0.003932
     21/49     12.6G   0.03062  0.004969  0.004929   0.04052         4       640    0.9515     0.924    0.9544    0.6102   0.02409  0.006792   0.00251
     22/49     12.6G   0.03031  0.004915  0.004509   0.03973         3       640    0.9406    0.9305    0.9748    0.6896   0.02119  0.006884  0.002937
     23/49     12.6G    0.0328  0.004579  0.004953   0.04233         2       640    0.9048    0.9548    0.9774    0.6519   0.02156  0.006561  0.002188
     24/49     12.6G   0.03177  0.004722  0.004592   0.04108         1       640     0.856    0.8526    0.9621    0.6712   0.02291  0.006385  0.005093
     25/49     12.6G   0.02848  0.004551   0.00395   0.03698         2       640     0.917    0.9579    0.9782    0.6933   0.01933  0.006405  0.003777
     26/49     12.6G   0.03098  0.004656  0.003993   0.03963         4       640    0.9223    0.9194     0.973    0.6746   0.02006   0.00693  0.002731
     27/49     12.6G   0.02807  0.004568  0.004312   0.03695         6       640    0.9752    0.9525    0.9803    0.7142   0.01784  0.006447  0.002157
     28/49     12.6G   0.02881  0.004362     0.004   0.03718         4       640     0.988    0.9442    0.9801    0.7077   0.01804  0.006579  0.002274
     29/49     12.6G   0.03009  0.004743  0.004917   0.03975         3       640    0.9854    0.9443     0.985    0.6998   0.01814  0.006588   0.00194
     30/49     12.6G   0.02804  0.004567  0.004332   0.03694         2       640    0.9684     0.919     0.975    0.7004   0.01707  0.006668  0.002878
     31/49     12.6G   0.02803  0.004251  0.004144   0.03643         1       640    0.9602    0.9478    0.9791    0.6876   0.01849   0.00667  0.001877
     32/49     12.6G   0.02793  0.004517  0.004392   0.03684         2       640    0.9667    0.9621    0.9855    0.7148   0.01783  0.006622  0.001807
     33/49     12.6G   0.02856  0.004506  0.003605   0.03667         2       640    0.9712    0.9224    0.9848    0.7283   0.01781  0.006627  0.001938
     34/49     12.6G   0.02596  0.003995  0.003084   0.03303         1       640    0.9829     0.952    0.9878    0.7333   0.01684  0.006456  0.001678
     35/49     12.6G   0.02731  0.004414  0.003087   0.03481         7       640    0.9955    0.9477    0.9866    0.7376   0.01661  0.006463  0.001746
     36/49     12.6G    0.0258  0.004343  0.003061    0.0332         0       640    0.9462     0.968    0.9834    0.7338   0.01689  0.006437  0.002013
     37/49     12.6G   0.02578  0.004358  0.003269   0.03341         0       640    0.9502    0.9678    0.9855    0.7231   0.01638  0.006313  0.001666
     38/49     12.6G   0.02677  0.004141   0.00326   0.03417         2       640    0.9391    0.9685    0.9825    0.7161   0.01648  0.006448  0.001787
     39/49     12.6G   0.02593  0.004325  0.002972   0.03323         1       640    0.9745    0.9347    0.9824    0.7265    0.0163   0.00655  0.001837
     40/49     12.6G   0.02706  0.004333  0.004456   0.03585         4       640    0.9881    0.9528     0.981    0.7179   0.01701  0.006499  0.001857
     41/49     12.6G   0.02382  0.004011  0.003447   0.03128         4       640      0.98    0.9465    0.9833    0.7207   0.01722  0.006428  0.001687
     42/49     12.6G   0.02502  0.004361  0.003223   0.03261         8       640    0.9895    0.9524    0.9826    0.7312   0.01637  0.006393   0.00173
     43/49     12.6G   0.02298   0.00403  0.003389    0.0304         1       640    0.9909    0.9444    0.9807    0.7342   0.01641  0.006517   0.00195
     44/49     12.6G   0.02459  0.004062   0.00341   0.03206         1       640    0.9762    0.9531    0.9786     0.726   0.01656  0.006584  0.002132
     45/49     12.6G   0.02624  0.004014  0.002862   0.03311         5       640    0.9896    0.9581    0.9845    0.7186   0.01669  0.006548   0.00184
     46/49     12.6G   0.02593  0.004196  0.002654   0.03278         1       640    0.9802    0.9404    0.9837     0.733    0.0167  0.006548  0.001852
     47/49     12.6G   0.02376  0.004334   0.00391     0.032         0       640    0.9843    0.9579    0.9846    0.7351   0.01607  0.006607  0.001864
     48/49     12.6G   0.02331  0.004007  0.003773   0.03109         2       640    0.9824    0.9415    0.9843    0.7265    0.0162  0.006633  0.001919
     49/49     12.6G   0.02412  0.004187  0.003408   0.03172         1       640    0.9693     0.949    0.9827    0.7292    0.0162  0.006499  0.002037
