      0/49     1.09G    0.0707   0.01387    0.0159    0.1005         1       640   0.02903   0.02071  0.006952  0.001152   0.05282   0.01403   0.01123
      1/49       14G   0.05887   0.01104   0.01424   0.08414         4       640     0.217    0.1905    0.1036   0.02102   0.04267   0.01275  0.008987
      2/49     11.3G   0.05306  0.009799   0.01185   0.07471         2       640    0.5799    0.6111    0.5831    0.1533   0.04095   0.01144  0.007008
      3/49     11.3G   0.05113  0.009075  0.009747   0.06996         4       640    0.7493    0.7347    0.8412    0.3976   0.03321   0.01074   0.00571
      4/49     11.3G   0.04767  0.008442   0.00824   0.06435         4       640    0.7096     0.859    0.8402    0.4612   0.03257   0.01025  0.004971
      5/49     11.3G   0.05065  0.007521  0.008185   0.06636         0       640     0.792    0.8418     0.885    0.3577   0.03872  0.009013  0.004678
      6/49     11.3G   0.04881  0.007285  0.008801   0.06489         4       640    0.7751    0.6295    0.7004    0.4139   0.03659  0.009404  0.007141
      7/49     11.3G   0.04761  0.006776  0.007493   0.06188         4       640     0.884    0.6193    0.7396    0.3591    0.0309   0.01053  0.007207
      8/49     11.3G   0.04644  0.006619  0.008805   0.06186         0       640    0.9998    0.3643    0.4025    0.2762    0.0579  0.008633   0.01275
      9/49     11.3G   0.04416  0.006335  0.007205    0.0577         2       640     0.832    0.6801    0.7988    0.3897   0.03588  0.008234  0.005069
     10/49     11.3G    0.0475  0.006519  0.007423   0.06144         4       640     0.924    0.9137    0.9529     0.641   0.02797  0.008203  0.005406
     11/49     11.3G   0.05009  0.006125  0.008182    0.0644         4       640    0.9368    0.8723    0.9467    0.5973   0.02778  0.008553  0.004817
     12/49     12.7G   0.04126  0.006197  0.007352   0.05481         1       640    0.8358    0.6571    0.7185    0.4349   0.03299  0.009876  0.006222
     13/49     12.7G     0.048  0.006173  0.008718   0.06289         1       640    0.8247    0.7604    0.8111    0.4997    0.0338  0.008994  0.005047
     14/49     12.7G   0.04464  0.006362   0.00853   0.05953         0       640    0.3625    0.3966    0.2911    0.1603   0.04341    0.0117  0.007891
     15/49     12.7G    0.0457  0.006574  0.008655   0.06093         0       640     0.292   0.02143   0.02792  0.005372   0.05413   0.01266  0.008729
     16/49     12.7G   0.04616   0.00663  0.008768   0.06156         4       640    0.8916    0.4207    0.5108    0.2894   0.03918  0.009903  0.008967
     17/49     12.7G   0.04389  0.006068  0.007952   0.05791         1       640    0.8809     0.785     0.873    0.5132   0.04064  0.008295  0.004726
     18/49     12.7G   0.04513  0.005878  0.007556   0.05856         2       640   0.01083  0.002959 0.0002782 4.387e-05   0.06564  0.009848   0.01218
     19/49     12.7G   0.04754  0.005907  0.008394   0.06184         1       640    0.5578      0.57    0.5141    0.2715   0.04056   0.01189   0.00593
     20/49     12.7G   0.04437  0.006264  0.008979   0.05961         4       640     0.524     0.676     0.502    0.2227   0.04127    0.0107  0.008828
     21/49     12.7G   0.04243  0.006312   0.00849   0.05724         4       640    0.4848     0.372    0.3788     0.152   0.04513   0.01187  0.005965
     22/49     12.7G   0.04141  0.006134  0.008152    0.0557         3       640    0.1712    0.3754    0.1618    0.0923   0.04135   0.01087   0.01126
     23/49     12.7G   0.04176  0.005732  0.006985   0.05448         2       640     0.879    0.7764    0.8634    0.5415   0.03157  0.008253  0.003634
     24/49     12.7G   0.04504  0.005646  0.008107   0.05879         1       640    0.8951     0.927    0.9562    0.6041   0.03338    0.0067  0.003385
     25/49     12.7G   0.03741  0.005494  0.007207   0.05011         2       640    0.8849    0.8026    0.9135     0.628   0.03207  0.007074   0.00569
     26/49     12.7G   0.04334  0.005629  0.007656   0.05662         4       640    0.9097    0.8975     0.933    0.6101   0.03037  0.007578  0.003742
     27/49     12.7G   0.03729  0.005365  0.006738    0.0494         6       640    0.9257    0.7748     0.917    0.6001   0.02989   0.00769  0.005172
     28/49     12.7G   0.03699   0.00517  0.006763   0.04892         4       640    0.9353    0.9004    0.9552    0.6526     0.026  0.007353  0.003585
     29/49     12.7G   0.03802  0.005414  0.006988   0.05042         3       640    0.9502    0.8726    0.9554    0.6496   0.02652  0.007828  0.003452
     30/49     12.7G   0.03763  0.005358  0.007181   0.05017         2       640    0.9735    0.9258    0.9771    0.6997   0.02483  0.007375  0.003565
     31/49     12.7G   0.03578  0.004895  0.006842   0.04752         1       640    0.9464    0.9059     0.969    0.6857   0.02491  0.006887  0.003604
     32/49     12.7G   0.03445  0.005066  0.006411   0.04593         2       640    0.9491    0.9198    0.9624    0.6687    0.0236  0.007023  0.003039
     33/49     12.7G   0.03502  0.005104  0.006268   0.04639         2       640    0.9554      0.93    0.9718     0.682   0.02111  0.006937  0.002954
     34/49     12.7G   0.03231  0.004624  0.005666    0.0426         1       640    0.9276    0.9405    0.9684    0.7036   0.02198  0.006928  0.003073
     35/49     12.7G   0.03367  0.005054  0.006001   0.04473         7       640    0.9297    0.9579    0.9594    0.6849    0.0218  0.006823  0.002613
     36/49     12.7G   0.03057  0.004914  0.004983   0.04047         0       640    0.9389    0.9638    0.9796    0.7034   0.02379  0.006487  0.002442
     37/49     12.7G   0.03121   0.00493   0.00495   0.04109         0       640    0.9556      0.93    0.9848    0.7023   0.02376  0.006335  0.002341
     38/49     12.7G   0.03236  0.004778  0.005039   0.04218         2       640    0.9586    0.9566    0.9732    0.6868   0.02222  0.006785  0.002263
     39/49     12.7G   0.03135  0.004929  0.004586   0.04087         1       640    0.9415     0.962     0.983     0.716   0.02062  0.006626  0.002335
     40/49     12.7G   0.03245  0.004931  0.005613     0.043         4       640    0.9469    0.9591    0.9835    0.7142   0.02104  0.006467  0.002582
     41/49     12.7G   0.02953   0.00462  0.004851     0.039         4       640    0.9702    0.9546    0.9838    0.7177    0.0204  0.006406   0.00226
     42/49     12.7G   0.02886  0.004943  0.004272   0.03807         8       640    0.9452    0.9638    0.9804    0.7181   0.01904  0.006429  0.002424
     43/49     12.7G   0.02795  0.004597  0.004711   0.03726         1       640    0.9544    0.9662    0.9841    0.7175   0.01899  0.006361  0.001998
     44/49     12.7G   0.03011  0.004637  0.004288   0.03904         1       640    0.9538     0.965    0.9812    0.7132   0.01861   0.00653   0.00246
     45/49     12.7G    0.0305  0.004646  0.004105   0.03925         5       640    0.9613    0.9591    0.9812     0.725   0.01862   0.00644  0.002357
     46/49     12.7G   0.03091  0.004766  0.004075   0.03975         1       640     0.955    0.9709    0.9842    0.7328   0.02009  0.006135  0.002198
     47/49     12.7G   0.02856  0.004848  0.004648   0.03805         0       640    0.9618    0.9546    0.9834    0.7276   0.01939  0.006238  0.002375
     48/49     12.7G   0.02863  0.004596  0.004931   0.03816         2       640    0.9561    0.9476    0.9784     0.722   0.01921  0.006291  0.002769
     49/49     12.7G   0.02724   0.00466  0.004079   0.03598         1       640    0.9647     0.956    0.9835    0.7294   0.01868  0.006219  0.002311
